0 1
0 11
1 2
1 12
1 11
2 3
2 13
2 12
3 4
3 14
3 13
4 5
4 15
4 14
5 6
5 16
5 15
6 7
6 17
6 16
7 8
7 18
7 17
8 9
8 19
8 18
9 10
9 20
9 19
10 21
10 20
11 12
11 22
11 23
12 13
12 23
12 24
13 14
13 24
13 25
14 15
14 25
14 26
15 16
15 26
15 27
16 17
16 27
16 28
17 18
17 28
17 29
18 19
18 29
18 30
19 20
19 30
19 31
20 21
20 31
20 32
21 32
22 23
22 33
23 24
23 34
23 33
24 25
24 35
24 34
25 26
25 36
25 35
26 27
26 37
26 36
27 28
27 38
27 37
28 29
28 39
28 38
29 30
29 40
29 39
30 31
30 41
30 40
31 32
31 42
31 41
32 43
32 42
33 34
33 44
33 45
34 35
34 45
34 46
35 36
35 46
35 47
36 37
36 47
36 48
37 38
37 48
37 49
38 39
38 49
38 50
39 40
39 50
39 51
40 41
40 51
40 52
41 42
41 52
41 53
42 43
42 53
42 54
43 54
44 45
44 55
45 46
45 56
45 55
46 47
46 57
46 56
47 48
47 58
47 57
48 49
48 59
48 58
49 50
49 60
49 59
50 51
50 61
50 60
51 52
51 62
51 61
52 53
52 63
52 62
53 54
53 64
53 63
54 65
54 64
55 56
55 66
55 67
56 57
56 67
56 68
57 58
57 68
57 69
58 59
58 69
58 70
59 60
59 70
59 71
60 61
60 71
60 72
61 62
61 72
61 73
62 63
62 73
62 74
63 64
63 74
63 75
64 65
64 75
64 76
65 76
66 67
66 77
67 68
67 78
67 77
68 69
68 79
68 78
69 70
69 80
69 79
70 71
70 81
70 80
71 72
71 82
71 81
72 73
72 83
72 82
73 74
73 84
73 83
74 75
74 85
74 84
75 76
75 86
75 85
76 87
76 86
77 78
77 88
77 89
78 79
78 89
78 90
79 80
79 90
79 91
80 81
80 91
80 92
81 82
81 92
81 93
82 83
82 93
82 94
83 84
83 94
83 95
84 85
84 95
84 96
85 86
85 96
85 97
86 87
86 97
86 98
87 98
88 89
88 99
89 90
89 100
89 99
90 91
90 101
90 100
91 92
91 102
91 101
92 93
92 103
92 102
93 94
93 104
93 103
94 95
94 105
94 104
95 96
95 106
95 105
96 97
96 107
96 106
97 98
97 108
97 107
98 109
98 108
99 100
99 110
99 111
100 101
100 111
100 112
101 102
101 112
101 113
102 103
102 113
102 114
103 104
103 114
103 115
104 105
104 115
104 116
105 106
105 116
105 117
106 107
106 117
106 118
107 108
107 118
107 119
108 109
108 119
108 120
109 120
110 111
110 121
111 112
111 122
111 121
112 113
112 123
112 122
113 114
113 124
113 123
114 115
114 125
114 124
115 116
115 126
115 125
116 117
116 127
116 126
117 118
117 128
117 127
118 119
118 129
118 128
119 120
119 130
119 129
120 131
120 130
121 122
121 132
121 133
122 123
122 133
122 134
123 124
123 134
123 135
124 125
124 135
124 136
125 126
125 136
125 137
126 127
126 137
126 138
127 128
127 138
127 139
128 129
128 139
128 140
129 130
129 140
129 141
130 131
130 141
130 142
131 142
132 133
132 143
133 134
133 144
133 143
134 135
134 145
134 144
135 136
135 146
135 145
136 137
136 147
136 146
137 138
137 148
137 147
138 139
138 149
138 148
139 140
139 150
139 149
140 141
140 151
140 150
141 142
141 152
141 151
142 153
142 152
143 144
143 154
143 155
144 145
144 155
144 156
145 146
145 156
145 157
146 147
146 157
146 158
147 148
147 158
147 159
148 149
148 159
148 160
149 150
149 160
149 161
150 151
150 161
150 162
151 152
151 162
151 163
152 153
152 163
152 164
153 164
154 155
154 165
155 156
155 166
155 165
156 157
156 167
156 166
157 158
157 168
157 167
158 159
158 169
158 168
159 160
159 170
159 169
160 161
160 171
160 170
161 162
161 172
161 171
162 163
162 173
162 172
163 164
163 174
163 173
164 175
164 174
165 166
165 176
165 177
166 167
166 177
166 178
167 168
167 178
167 179
168 169
168 179
168 180
169 170
169 180
169 181
170 171
170 181
170 182
171 172
171 182
171 183
172 173
172 183
172 184
173 174
173 184
173 185
174 175
174 185
174 186
175 186
176 177
176 187
177 178
177 188
177 187
178 179
178 189
178 188
179 180
179 190
179 189
180 181
180 191
180 190
181 182
181 192
181 191
182 183
182 193
182 192
183 184
183 194
183 193
184 185
184 195
184 194
185 186
185 196
185 195
186 197
186 196
187 188
187 198
187 199
188 189
188 199
188 200
189 190
189 200
189 201
190 191
190 201
190 202
191 192
191 202
191 203
192 193
192 203
192 204
193 194
193 204
193 205
194 195
194 205
194 206
195 196
195 206
195 207
196 197
196 207
196 208
197 208
198 199
198 209
199 200
199 210
199 209
200 201
200 211
200 210
201 202
201 212
201 211
202 203
202 213
202 212
203 204
203 214
203 213
204 205
204 215
204 214
205 206
205 216
205 215
206 207
206 217
206 216
207 208
207 218
207 217
208 219
208 218
209 210
209 220
209 221
210 211
210 221
210 222
211 212
211 222
211 223
212 213
212 223
212 224
213 214
213 224
213 225
214 215
214 225
214 226
215 216
215 226
215 227
216 217
216 227
216 228
217 218
217 228
217 229
218 219
218 229
218 230
219 230
220 221
221 222
222 223
223 224
224 225
225 226
226 227
227 228
228 229
229 230
